Factor,Market,Size,Value,Momentum,Quality,Volatility,Growth,Dividend_Yield,Risk_Model_ID,As_Of_Date
Market,159.81214054568713,-6.331378828938562,-76.66609403450202,-24.892485766467466,1.653589216014121,-26.639777520118475,40.28188982370461,-44.44950397297643,BARRA_STYLE_V1,2025-12-05
Size,-6.331378828938562,134.00943332767662,-66.89960130157179,-32.41692199262325,-15.913824127470921,19.23310780986087,3.4909330926134454,-28.016274560740094,BARRA_STYLE_V1,2025-12-05
Value,-76.66609403450202,-66.89960130157179,143.49824114012247,-21.337050979043592,13.95684266753174,25.050915878517806,15.801514668534185,74.00207571771121,BARRA_STYLE_V1,2025-12-05
Momentum,-24.892485766467466,-32.41692199262325,-21.337050979043592,92.15024173511331,0.6041371959034538,2.2626964508946474,-15.224751825362116,-28.522211001550186,BARRA_STYLE_V1,2025-12-05
Quality,1.653589216014121,-15.913824127470921,13.95684266753174,0.6041371959034538,24.658138786534526,22.944086653749444,30.689111016747,-7.387290632634954,BARRA_STYLE_V1,2025-12-05
Volatility,-26.639777520118475,19.23310780986087,25.050915878517806,2.2626964508946474,22.944086653749444,60.9064017507929,31.051433541209878,-8.35404745790805,BARRA_STYLE_V1,2025-12-05
Growth,40.28188982370461,3.4909330926134454,15.801514668534185,-15.224751825362116,30.689111016747,31.051433541209878,87.9399143379998,-22.78247868516764,BARRA_STYLE_V1,2025-12-05
Dividend_Yield,-44.44950397297643,-28.016274560740094,74.00207571771121,-28.522211001550186,-7.387290632634954,-8.35404745790805,-22.78247868516764,75.72941225637855,BARRA_STYLE_V1,2025-12-05
